0.01761794090270996
0.020015954971313477
0.03965902328491211
0.05874490737915039
0.07817530632019043
0.09783673286437988
0.11734962463378906
0.13656401634216309
0.1567533016204834
0.1753535270690918
0.19440960884094238
0.30428147315979004
0.4159848690032959
0.5249128341674805
0.635502815246582
0.7440237998962402
0.8552303314208984
0.9642398357391357
1.0768229961395264
1.1850111484527588
1.2935009002685547
1.4034337997436523
1.5217633247375488
1.6295630931854248
1.7417805194854736
1.8534786701202393
1.9755430221557617
2.086179256439209
2.1976513862609863
2.2089216709136963
2.21842098236084
2.2286722660064697
2.249323606491089
2.26324725151062
2.28078293800354
2.2931692600250244
2.304877281188965
2.318241834640503
2.3744966983795166
2.444319009780884
2.519381046295166
2.5902209281921387
2.622356653213501
2.6807174682617188
2.706973075866699
2.729769229888916
2.8114686012268066
2.8794167041778564
2.893033742904663
2.928807497024536
3.022890090942383
3.0672192573547363
3.11464786529541
3.163759231567383
3.2014153003692627
3.2501220703125
3.2589547634124756
3.338435411453247
3.405308246612549
3.4590530395507812
3.4804773330688477
3.543592691421509
3.630798816680908
3.6686184406280518
3.7270936965942383
3.8092715740203857
3.8462417125701904
4.127772331237793
4.273941516876221
4.469511270523071
4.540516138076782
4.5912065505981445
4.648284196853638
4.7064619064331055
4.803298234939575
4.844583749771118
4.929245471954346
4.9718918800354
5.063223838806152
5.119591951370239
5.127218008041382
5.193830490112305
5.244544506072998
5.302247762680054
5.362968444824219
5.668131351470947
5.886803150177002
6.1621575355529785
6.446120738983154
6.719477891921997
7.008087158203125
7.26772141456604
7.529031753540039
7.829386472702026
8.10794734954834
8.415271997451782
8.421852111816406
8.533809661865234
8.581741571426392
8.647230386734009
8.936450242996216
9.243751764297485
9.443018913269043
9.787065029144287
10.007298707962036
10.33266568183899
10.586728572845459
10.720768928527832
10.884440183639526
11.243003129959106
11.233919382095337
11.35676622390747
11.611960649490356
11.862842321395874
12.164543151855469
12.480759143829346
12.970942497253418
12.978909730911255
13.284470796585083
13.569252967834473
13.779029130935669
14.098129272460938
14.617080688476562
14.667388916015625
14.963908910751343
15.247032403945923
15.276094436645508
15.622527360916138
15.737972497940063
15.986171007156372
16.396766424179077
16.572155714035034
16.8284854888916
17.02955150604248
17.228734970092773
17.40375304222107
17.68491792678833
17.921411991119385
18.880394458770752
18.48042607307434
18.559741497039795
18.857637643814087
19.036902904510498
19.291763067245483
19.46529245376587
19.565951108932495
19.54349136352539
19.699695587158203
19.6475350856781
19.673715353012085
20.01147198677063
19.81695318222046
19.9331476688385
20.316304922103882
20.437797784805298
21.023794412612915
20.221415758132935
20.137736558914185
20.893633127212524
20.474898099899292
20.426343202590942
20.520180225372314
20.6520893573761
20.596189498901367
20.6338894367218
20.699000597000122
20.70826816558838
20.809808254241943
20.913738489151
20.8926203250885
20.988115310668945
21.099751472473145
21.01258158683777
21.04525589942932
21.038681507110596
21.095321655273438
21.099894523620605
21.761659383773804
21.29513192176819
21.28307318687439
21.637200355529785
21.231386184692383
21.37503480911255
21.328110694885254
21.30218267440796
21.490801095962524
21.612958669662476
21.62154507637024
21.69056797027588
21.66392683982849
21.639578819274902
21.793389081954956
21.807838439941406
21.899189233779907
22.098397493362427
22.013333082199097
22.265894889831543
22.158714532852173
22.233540058135986
22.291780471801758
22.354373693466187
22.41462254524231
22.513089418411255
22.54625940322876
22.553093671798706
22.725268840789795
22.977904558181763
22.768490076065063
22.75113606452942
22.974046230316162
22.883863925933838
23.075583457946777
23.181476831436157
23.026098012924194
23.41860842704773
23.58475923538208
23.162261486053467
23.292173624038696
23.30471420288086
23.460427284240723
23.680583238601685
23.468440294265747
23.65844202041626
23.745920658111572
23.600908041000366
23.767252206802368
23.73250102996826
23.965160608291626
23.865354776382446
23.922021627426147
23.947805881500244
24.061981201171875
24.01574158668518
24.104994297027588
24.119423151016235
24.191792726516724
24.240861654281616
24.317063808441162
24.328205585479736
24.343061447143555
24.42698359489441
24.468847513198853
24.535152912139893
24.6224205493927
24.69983673095703
24.850120306015015
24.785621166229248
24.808188676834106
24.985740184783936
25.302945613861084
25.348691940307617
25.343482732772827
25.35229516029358
25.38420867919922
25.536957502365112
25.581159591674805
25.66369104385376
25.914123058319092
25.787533283233643
25.811089277267456
25.873823404312134
25.943012714385986
25.929070472717285
26.20565915107727
26.069576263427734
26.202043294906616
26.26380157470703
26.44956946372986
26.621315479278564
26.506580352783203
26.462780237197876
26.460176706314087
26.9648494720459
26.614485502243042
26.894123554229736
26.71348261833191
26.712628841400146
26.822794675827026
26.8745539188385
26.90211319923401
27.017470121383667
27.049476861953735
27.109084606170654
27.182525873184204
27.268054008483887
27.308406114578247
27.349539041519165
27.31619691848755
27.43209218978882
27.4679434299469
27.526026725769043
27.631165981292725
27.656532287597656
27.725889444351196
27.84704065322876
27.887795209884644
28.22409176826477
28.128724098205566
28.270156383514404
27.984683513641357
28.215518951416016
28.37039566040039
28.2205650806427
28.204955101013184
28.300187826156616
28.353678226470947
28.39034128189087
28.473779916763306
28.549739837646484
28.52411961555481
28.612354278564453
28.72143864631653
28.94269323348999
28.775434494018555
28.81078600883484
28.918325901031494
29.023963689804077
29.33384084701538
29.124114990234375
29.48637104034424
29.166550874710083
29.285569190979004
29.75480318069458
29.36813759803772
29.448469161987305
29.32811689376831
29.47395610809326
29.61686635017395
29.517772674560547
29.65413808822632
29.6032292842865
29.686434984207153
30.238109827041626
30.422065019607544
30.18104100227356
30.057317972183228
29.980018615722656
30.31875777244568
30.177980422973633
30.182746648788452
30.39376926422119
30.489797353744507
30.724135160446167
30.456316471099854
30.5486261844635
30.60309648513794
30.692363023757935
34.11525774002075
31.239551067352295
31.13099503517151
31.381529569625854
31.165586948394775
31.6951425075531
31.303792238235474
33.02679443359375
31.630520820617676
31.4009907245636
31.332491874694824
31.43834090232849
31.82279348373413
32.144737005233765
32.16800832748413
32.34069800376892
32.113542556762695
31.991313934326172
31.922125577926636
32.069802045822144
32.15386152267456
32.46003985404968
32.39603018760681
32.2678542137146
32.249242067337036
32.36138319969177
32.50374174118042
32.74467587471008
32.89737868309021
32.829288482666016
32.54490351676941
32.6753306388855
32.738306522369385
33.008660554885864
32.7128586769104
32.82779288291931
35.957608699798584
37.282382011413574
35.007447719573975
33.76421761512756
33.04604172706604
33.0060498714447
33.267791748046875
33.28808355331421
32.97473359107971
33.19013690948486
32.97869610786438
33.089943647384644
32.98970127105713
33.37969946861267
33.33960771560669
33.64593863487244
33.164878845214844
33.13221621513367
33.21741247177124
33.390960693359375
33.175955057144165
33.28805088996887
33.274306535720825
33.240933895111084
33.47913599014282
33.22170305252075
33.314029932022095
33.344050884246826
33.28825306892395
33.36024713516235
33.3594446182251
33.40047836303711
33.414740800857544
33.93546724319458
33.41265535354614
33.47125029563904
33.52111625671387
33.732617139816284
33.52963185310364
33.56511950492859
33.583964824676514
33.68899941444397
33.603885650634766
33.6727454662323
33.73037767410278
33.79732823371887
33.77629852294922
33.88835835456848
33.7868492603302
33.79648947715759
33.94231128692627
34.281105041503906
34.02540159225464
34.01055955886841
34.082619428634644
34.279666900634766
34.096874713897705
34.76220369338989
34.2161500453949
34.215827226638794
36.163318157196045
41.687631368637085
35.70864963531494
36.823928117752075
34.814502000808716
34.27452111244202
34.369853496551514
34.58270597457886
34.386711835861206
34.48818588256836
34.41407322883606
34.49665570259094
34.603015422821045
34.62306761741638
34.59259581565857
34.75582194328308
35.02875113487244
34.78050255775452
34.8929808139801
34.90067934989929
35.03646802902222
35.1810736656189
35.15679478645325
35.59320521354675
35.43860912322998
35.76496148109436
35.683886766433716
36.024662494659424
35.5547661781311
35.547091484069824
35.65280628204346
35.71130871772766
35.77823066711426
36.53030800819397
36.04608082771301
35.91270399093628
36.10938739776611
36.70173454284668
36.36702251434326
36.52186322212219
36.21393275260925
36.482240200042725
36.272279024124146
36.34062838554382
36.35662484169006
36.47032427787781
36.58906149864197
36.92377257347107
36.62879991531372
36.701560497283936
36.95357322692871
36.83693218231201
36.95999026298523
37.35311317443848
37.28285479545593
37.119959354400635
37.15283226966858
37.32705616950989
37.350300788879395
37.97029209136963
37.55559229850769
37.72161793708801
38.033037424087524
37.965116024017334
38.026217222213745
38.15574789047241
38.49273896217346
38.346784830093384
38.44501733779907
38.60216951370239
38.81802988052368
38.64430594444275
38.76579236984253
38.9987473487854
38.939740896224976
38.96648907661438
38.9141788482666
39.26214146614075
39.353962659835815
39.38108992576599
39.2481255531311
39.486119985580444
39.312952518463135
39.32554769515991
39.518240213394165
43.47425150871277
44.777477979660034
44.492117166519165
40.85579061508179
