0.013194799423217773
0.010244131088256836
0.012708425521850586
0.012634515762329102
0.013141393661499023
0.013341903686523438
0.014444589614868164
0.015594720840454102
0.01444244384765625
0.01570916175842285
0.016149282455444336
0.017308473587036133
0.017066001892089844
0.01742386817932129
0.01907515525817871
0.01972794532775879
0.019402503967285156
0.019624948501586914
0.020433664321899414
0.022029876708984375
0.02098870277404785
0.02151179313659668
0.023404359817504883
0.023508548736572266
0.023253440856933594
0.02343153953552246
0.024639129638671875
0.025735139846801758
0.025540828704833984
0.026256561279296875
0.027626514434814453
0.02875494956970215
0.025597333908081055
0.026283740997314453
0.027302026748657227
0.02760481834411621
0.027407407760620117
0.028009653091430664
0.030153751373291016
0.030953168869018555
0.030531883239746094
0.03029179573059082
0.031723976135253906
0.03209948539733887
0.03196835517883301
0.03296542167663574
0.03366661071777344
0.034549713134765625
0.03342151641845703
0.034406423568725586
0.035677433013916016
0.03653120994567871
0.036184072494506836
0.0366053581237793
0.038094520568847656
0.03812408447265625
0.037247657775878906
0.038564205169677734
0.0391087532043457
0.03989052772521973
0.03984856605529785
0.04054999351501465
0.0416262149810791
0.04197239875793457
0.04137396812438965
0.042170047760009766
0.04342770576477051
0.04485440254211426
0.044513702392578125
0.04451584815979004
0.05110573768615723
0.04709124565124512
0.04547739028930664
0.04618120193481445
0.04745650291442871
0.04778742790222168
0.04801058769226074
0.04847121238708496
0.04985451698303223
0.0505518913269043
0.04958510398864746
0.05050802230834961
0.05091714859008789
0.051636695861816406
0.051999807357788086
0.05266213417053223
0.05398988723754883
0.05430436134338379
0.05376887321472168
0.05336904525756836
0.055284738540649414
0.05603361129760742
0.05598115921020508
0.057294607162475586
0.05757474899291992
0.0583341121673584
0.05797386169433594
0.058809757232666016
0.05976390838623047
0.061220407485961914
0.06060433387756348
0.06129884719848633
0.06229734420776367
0.06236743927001953
0.06195402145385742
0.062261343002319336
0.0637063980102539
0.06413149833679199
0.06421041488647461
0.06507396697998047
0.06615424156188965
0.06622195243835449
0.06578350067138672
0.06711292266845703
0.06711173057556152
0.06816554069519043
0.06823253631591797
0.06920790672302246
0.06999588012695312
0.07058596611022949
0.06932306289672852
0.07013058662414551
0.0715646743774414
0.07244682312011719
0.07210278511047363
0.07293915748596191
0.07404732704162598
0.07439208030700684
0.07339143753051758
0.07423210144042969
0.07512450218200684
0.07612752914428711
0.07611298561096191
0.07670426368713379
0.0775899887084961
0.07884430885314941
0.0769956111907959
0.07859182357788086
0.07905888557434082
0.08039522171020508
0.07970619201660156
0.08053708076477051
0.08173632621765137
0.08199262619018555
0.08173060417175293
0.08223295211791992
0.08323526382446289
0.08403301239013672
0.08361577987670898
0.0843653678894043
0.08547616004943848
0.08727169036865234
0.08524894714355469
0.0866081714630127
0.08788251876831055
0.08827424049377441
0.08802938461303711
0.08871960639953613
0.0892953872680664
0.08986949920654297
0.08924460411071777
0.09013938903808594
0.09070277214050293
0.09214520454406738
0.09154486656188965
0.09255170822143555
0.09344840049743652
0.09431767463684082
0.09320974349975586
0.09447741508483887
0.09556984901428223
0.09573507308959961
0.0959310531616211
0.09673261642456055
0.0973813533782959
0.09810709953308105
0.09766340255737305
0.09787583351135254
0.0986943244934082
0.09994244575500488
0.0995171070098877
0.10046124458312988
0.10117173194885254
0.10183525085449219
0.10144972801208496
0.10207700729370117
0.10318207740783691
0.10320615768432617
0.10373401641845703
0.10478639602661133
0.10483360290527344
0.10601544380187988
0.1054680347442627
0.10580277442932129
0.10765671730041504
0.10874676704406738
0.10780072212219238
0.10792851448059082
0.10947060585021973
0.1219780445098877
0.11086559295654297
0.11061477661132812
0.11075091361999512
0.11180520057678223
0.11152839660644531
0.11266255378723145
0.11389565467834473
0.11410021781921387
0.11313700675964355
0.11458969116210938
0.11465311050415039
0.11589932441711426
0.11516857147216797
0.11591196060180664
0.11660885810852051
0.11844968795776367
0.1168677806854248
0.11756467819213867
0.11868882179260254
0.11948180198669434
0.11967134475708008
0.1202993392944336
0.12082862854003906
0.1213071346282959
0.12114119529724121
0.12188911437988281
0.1222832202911377
0.1235651969909668
0.12341141700744629
0.12443327903747559
0.12563037872314453
0.12517547607421875
0.12487053871154785
0.12591028213500977
0.1269090175628662
0.12763381004333496
0.1274397373199463
0.12884998321533203
0.12971138954162598
0.13056254386901855
0.1294386386871338
0.12966012954711914
0.13100242614746094
0.1321098804473877
0.1325821876525879
0.13204717636108398
0.13399004936218262
0.1338179111480713
0.13295626640319824
0.13451457023620605
0.13471388816833496
0.1352982521057129
0.13564038276672363
0.13657140731811523
0.1367337703704834
0.1383671760559082
0.1368868350982666
0.13775372505187988
0.1389157772064209
0.1401081085205078
0.1391749382019043
0.14039134979248047
0.14154481887817383
0.14223146438598633
0.14095258712768555
0.14245033264160156
0.1427001953125
0.1441330909729004
0.1438615322113037
0.14408278465270996
0.14488625526428223
0.1455230712890625
0.14474248886108398
0.14541172981262207
0.1467456817626953
0.14638233184814453
0.1475234031677246
0.15836143493652344
0.14956140518188477
0.14964914321899414
0.1484229564666748
0.15004992485046387
0.1507725715637207
0.15134930610656738
0.1508018970489502
0.15193915367126465
0.15264081954956055
0.15369725227355957
0.15294098854064941
0.1535019874572754
0.15416240692138672
0.15468955039978027
0.1550581455230713
0.15571928024291992
0.15754318237304688
0.15697574615478516
0.1568901538848877
0.15752148628234863
0.15873432159423828
0.15915322303771973
0.15947556495666504
0.16045475006103516
0.1609363555908203
0.1623368263244629
0.16037607192993164
0.1616523265838623
0.16201329231262207
0.16341376304626465
0.16263556480407715
0.16375160217285156
0.16446995735168457
0.165724515914917
0.16470718383789062
0.16712355613708496
0.16642141342163086
0.1668844223022461
0.16771411895751953
0.16781139373779297
0.1696639060974121
0.1695258617401123
0.16942286491394043
0.1690387725830078
0.16999435424804688
0.17167305946350098
0.17128515243530273
0.1714036464691162
0.17238616943359375
0.1732645034790039
0.17142391204833984
0.17411208152770996
0.17386150360107422
0.17496490478515625
0.17492079734802246
0.17542481422424316
0.17644381523132324
0.17755627632141113
0.17710590362548828
0.17789125442504883
0.19242191314697266
0.17888379096984863
0.17889809608459473
0.18069720268249512
0.18064022064208984
0.1815185546875
0.1801910400390625
0.1817023754119873
0.18209242820739746
0.18274688720703125
0.18343448638916016
0.18361425399780273
0.18451595306396484
0.18550896644592285
0.18471527099609375
0.18517589569091797
0.18664813041687012
0.18965458869934082
0.18724822998046875
0.187180757522583
0.18877792358398438
0.18933916091918945
0.18752670288085938
0.19021844863891602
0.18944096565246582
0.19178557395935059
0.19094419479370117
0.19157695770263672
0.19191622734069824
0.19440031051635742
0.19241976737976074
0.19297575950622559
0.19463348388671875
0.1944718360900879
0.19489026069641113
0.19604206085205078
0.1969149112701416
0.19784998893737793
0.195784330368042
0.19724416732788086
0.1975078582763672
0.19915366172790527
0.19802069664001465
0.19974994659423828
0.19961810111999512
0.20191621780395508
0.20038390159606934
0.20095252990722656
0.2017371654510498
0.20271801948547363
0.20368480682373047
0.2025463581085205
0.21428513526916504
0.20620155334472656
0.20418286323547363
0.20496797561645508
0.20686888694763184
0.20655274391174316
0.20660829544067383
0.20760655403137207
0.20842814445495605
0.20902132987976074
0.20836210250854492
0.2087101936340332
0.2097163200378418
0.21077227592468262
0.2114708423614502
0.21054816246032715
0.21340346336364746
0.21218585968017578
0.21118831634521484
0.21397995948791504
0.21374225616455078
0.21413493156433105
0.214874267578125
0.21573710441589355
0.21579337120056152
0.21772217750549316
0.21597719192504883
0.2170429229736328
0.21777963638305664
0.21845507621765137
0.21915555000305176
0.21872758865356445
0.2199089527130127
0.2214043140411377
0.21916484832763672
0.2211620807647705
0.22072172164916992
0.22224903106689453
0.22304677963256836
0.22242522239685059
0.22484612464904785
0.22554278373718262
0.22430992126464844
0.22508811950683594
0.22587895393371582
0.22651100158691406
0.23575377464294434
0.22810959815979004
0.22818779945373535
0.22881841659545898
0.2281475067138672
0.2294905185699463
0.2294750213623047
0.22992706298828125
0.23170208930969238
0.23102045059204102
0.23220181465148926
0.23329949378967285
0.2324979305267334
0.23286724090576172
0.2340087890625
0.2341761589050293
0.23426294326782227
0.2351377010345459
0.23583030700683594
0.2359602451324463
0.23587584495544434
0.23807406425476074
0.23784112930297852
0.23802614212036133
0.23919963836669922
0.23984670639038086
0.2409074306488037
0.24128508567810059
0.24035024642944336
0.2406771183013916
0.24196648597717285
0.2425858974456787
0.2439894676208496
0.2438507080078125
0.24481701850891113
0.24706339836120605
0.24342584609985352
0.24660515785217285
0.24558663368225098
0.24664545059204102
0.24599695205688477
0.24698615074157715
0.2528707981109619
0.24967408180236816
0.24824833869934082
0.2485029697418213
0.2503323554992676
0.25150465965270996
0.24991893768310547
0.2536046504974365
0.2519874572753906
0.2542402744293213
0.2511885166168213
0.25394105911254883
0.2540421485900879
0.25443053245544434
0.2545609474182129
0.2548530101776123
0.25562000274658203
0.2571074962615967
0.2563333511352539
0.2568778991699219
0.25827455520629883
0.2574014663696289
0.2583765983581543
0.2590198516845703
0.2597496509552002
0.2613346576690674
0.25981593132019043
0.26117444038391113
0.26250672340393066
0.2623279094696045
0.26276540756225586
0.26328444480895996
0.2631549835205078
0.26564526557922363
0.263444185256958
0.26511430740356445
0.26491641998291016
0.26634979248046875
0.2666442394256592
0.27416467666625977
0.27130937576293945
0.26957035064697266
0.26799702644348145
0.26899266242980957
0.2689640522003174
0.26944708824157715
0.27135181427001953
0.2697131633758545
0.27158570289611816
0.2726008892059326
0.27193355560302734
0.27205514907836914
0.27376842498779297
0.27884531021118164
