0.008465051651000977
0.011734724044799805
0.023347139358520508
0.03629183769226074
0.04574871063232422
0.05774974822998047
0.06891894340515137
0.07974076271057129
0.09146571159362793
0.10248637199401855
0.11441707611083984
0.17319679260253906
0.23301124572753906
0.2972092628479004
0.35987281799316406
0.41512560844421387
0.48028111457824707
0.5351386070251465
0.6001913547515869
0.6584253311157227
0.7206673622131348
0.7778120040893555
0.8368427753448486
0.9045135974884033
0.9635870456695557
1.0152475833892822
1.0823273658752441
1.13816237449646
1.2086589336395264
1.2036309242248535
1.2262051105499268
1.2202732563018799
1.2559821605682373
1.2380259037017822
1.2655837535858154
1.2628240585327148
1.2790696620941162
1.2719643115997314
1.3203027248382568
1.3332467079162598
1.3711180686950684
1.3968956470489502
1.4155566692352295
1.4454901218414307
1.4771454334259033
1.475243091583252
1.5095114707946777
1.5493595600128174
1.5707817077636719
1.5722908973693848
1.6139588356018066
1.6338708400726318
1.6735572814941406
1.6815123558044434
1.7334504127502441
1.742929220199585
1.7502999305725098
1.7820968627929688
1.8162102699279785
1.861785650253296
1.862900733947754
1.8872406482696533
1.951812982559204
1.9510245323181152
2.026319980621338
2.0292699337005615
2.0620265007019043
2.167238235473633
2.249359607696533
2.337348222732544
2.3679118156433105
2.3887622356414795
2.4225077629089355
2.4828686714172363
2.504671573638916
2.535037040710449
2.549868106842041
2.5869953632354736
2.6227529048919678
2.652700185775757
2.659863233566284
2.696713924407959
2.7064402103424072
2.742300271987915
2.7859089374542236
2.9179484844207764
3.061249017715454
3.1960575580596924
3.340360641479492
3.5065231323242188
3.642430305480957
3.770634889602661
3.9133763313293457
4.075298309326172
4.218493461608887
4.359643936157227
4.3849616050720215
4.399134635925293
4.442961692810059
4.481642246246338
4.640941619873047
4.751460790634155
4.914060115814209
5.04967188835144
5.2123401165008545
5.341067790985107
5.492906808853149
5.513296127319336
5.8865907192230225
5.798256158828735
5.833623886108398
5.895208358764648
6.0511698722839355
6.174239873886108
6.335539102554321
6.4733567237854
6.644348621368408
6.7725160121917725
6.8943259716033936
7.096347332000732
7.185429334640503
7.336487054824829
7.481769800186157
7.625220775604248
7.7667717933654785
7.9044084548950195
7.93553614616394
8.09463620185852
8.233136892318726
8.59958815574646
8.526588916778564
8.678784132003784
8.776002168655396
8.946575403213501
9.011196374893188
9.133994579315186
9.2593674659729
9.419188737869263
9.578459978103638
9.708888053894043
9.684966325759888
9.876868486404419
10.02751111984253
10.169508934020996
10.20998239517212
10.414001703262329
10.235805749893188
10.270816564559937
10.308374166488647
10.310548782348633
10.352015256881714
10.466578960418701
10.589292287826538
10.437027931213379
10.489715814590454
10.49951434135437
10.530795812606812
10.570819616317749
10.559793710708618
10.599303722381592
10.655324459075928
10.669389486312866
10.724252223968506
10.712478876113892
10.765320777893066
10.790280103683472
10.839446783065796
10.852145671844482
10.938725233078003
10.89360761642456
10.953809261322021
10.94057846069336
10.955140113830566
11.177987813949585
10.992855072021484
10.992764949798584
11.052099227905273
11.066122055053711
11.058388710021973
11.089014053344727
11.115602254867554
11.151692390441895
11.157198667526245
11.18230414390564
11.186894416809082
11.21921181678772
11.245235919952393
11.489795923233032
11.334300518035889
11.404714107513428
11.358012676239014
11.353879690170288
11.396840572357178
11.425971984863281
11.452020406723022
11.497436761856079
11.517648696899414
11.574314832687378
11.59747052192688
11.624660730361938
11.862217903137207
11.690067768096924
11.732697486877441
11.739472150802612
11.801573276519775
11.806700944900513
11.867695331573486
11.901735305786133
11.901350975036621
11.950684785842896
11.958737850189209
11.973766326904297
12.026469230651855
12.007940530776978
12.05393648147583
12.103152990341187
12.112502336502075
12.156170845031738
12.204046964645386
12.230983972549438
12.29017162322998
12.276486873626709
12.33144211769104
12.375018119812012
12.356996059417725
12.618652820587158
12.411574363708496
12.48019289970398
12.507271528244019
12.511921167373657
12.663033485412598
12.548248291015625
12.562562227249146
12.58400297164917
12.583982467651367
12.637298345565796
12.668073654174805
12.953687191009521
12.738503694534302
12.731503248214722
12.768746376037598
12.802345514297485
12.845322608947754
12.867977380752563
12.907004356384277
12.94238543510437
12.957163333892822
12.957951307296753
13.23972201347351
13.198880434036255
13.261939287185669
13.26621127128601
13.27401065826416
13.29420256614685
13.320456504821777
13.39861798286438
13.400518894195557
13.417492628097534
13.476914644241333
13.589540004730225
13.736471891403198
13.52104377746582
13.574916362762451
13.62022590637207
13.838170289993286
13.6798574924469
13.674207925796509
13.723798751831055
13.770028829574585
13.7761709690094
13.831260919570923
14.01254653930664
13.857112407684326
13.888640642166138
13.91331171989441
13.954170227050781
13.94934868812561
14.12771725654602
14.026233434677124
14.02487587928772
14.098052024841309
14.506181716918945
14.113700151443481
14.166394472122192
14.185341119766235
14.234200477600098
14.236068725585938
14.27498197555542
14.273571968078613
14.326191902160645
14.361923217773438
14.365378618240356
14.598140716552734
14.446411371231079
14.443520307540894
14.479314804077148
14.469813823699951
14.530744552612305
14.524218559265137
14.570241451263428
14.62523365020752
14.637451648712158
17.951430320739746
14.693326950073242
14.738884210586548
14.754436016082764
14.851190567016602
14.900404453277588
14.828935384750366
15.061625003814697
14.866249322891235
14.87534213066101
15.167293787002563
15.044037580490112
14.978801250457764
15.034189224243164
15.029131412506104
15.358458042144775
16.020018100738525
15.191570281982422
15.121394634246826
15.317940950393677
15.19733476638794
15.222917079925537
15.235078811645508
15.36846661567688
15.273298740386963
15.322509288787842
15.327790021896362
15.461390495300293
15.413650751113892
15.438065767288208
15.46439814567566
15.618834257125854
15.512040615081787
15.594158172607422
15.586076259613037
15.859400510787964
15.663347482681274
15.724966049194336
15.722956418991089
16.319091320037842
15.80223536491394
15.85117506980896
15.92657995223999
15.96421766281128
15.973593473434448
15.967005491256714
15.969949722290039
16.106395721435547
16.03904151916504
16.28482747077942
16.08929133415222
16.18505597114563
16.150281190872192
16.215744495391846
16.21338677406311
16.3169686794281
16.254517555236816
16.39294672012329
16.427961826324463
16.500332593917847
16.470645666122437
16.503363847732544
16.493019104003906
16.623881578445435
16.56670308113098
16.612858295440674
16.62677025794983
18.456246852874756
16.775415897369385
16.715373754501343
16.724347829818726
16.85322141647339
16.795291662216187
16.84856939315796
16.818425178527832
16.97744655609131
16.84302568435669
16.898233890533447
16.855626106262207
17.00038170814514
16.894689798355103
16.973986864089966
16.918405055999756
17.05893874168396
16.96396255493164
17.18936514854431
16.967859506607056
17.090003728866577
16.998074054718018
17.04731583595276
17.03473687171936
17.134507417678833
17.029338836669922
17.32474446296692
17.073694229125977
17.183361530303955
17.105191707611084
17.18816828727722
17.120497226715088
17.223204135894775
17.19829559326172
17.202345609664917
17.408400058746338
17.296192407608032
17.211690187454224
17.24945569038391
17.218231916427612
17.370111227035522
17.28131413459778
17.312689781188965
17.28148126602173
17.593793869018555
17.28878426551819
17.31269669532776
17.34109902381897
17.426289319992065
17.368487119674683
17.385991096496582
17.396860361099243
17.68589448928833
17.40193223953247
17.441885709762573
17.431989908218384
17.546911478042603
17.470165252685547
17.50323748588562
17.476482152938843
17.633647680282593
17.54198145866394
17.55185341835022
17.603197813034058
17.70318603515625
17.563137769699097
17.589169025421143
17.59488034248352
17.76986813545227
18.475294589996338
17.654375791549683
17.736756563186646
17.75675916671753
17.659804344177246
17.7045841217041
17.74124312400818
17.78137707710266
17.745609283447266
17.925750494003296
17.77496361732483
17.858418941497803
17.818981409072876
17.948292016983032
17.89235281944275
17.98083806037903
17.905008792877197
18.16730523109436
17.975740671157837
18.077260494232178
18.02035355567932
18.052944660186768
19.55679225921631
18.188055515289307
18.13665533065796
18.412276029586792
18.191213607788086
18.317628860473633
18.26399827003479
18.311095237731934
18.328130960464478
18.472694396972656
18.37015175819397
18.40189528465271
18.464297771453857
18.604344606399536
18.495482444763184
18.59910535812378
18.550199031829834
18.700872898101807
18.60525894165039
18.651835203170776
18.665828943252563
18.83987283706665
18.772334575653076
18.780136346817017
18.78442645072937
18.903412342071533
18.83400821685791
18.883713245391846
18.903615474700928
19.038643836975098
18.98311996459961
19.009820699691772
19.00977396965027
19.135213136672974
19.066932916641235
19.13858127593994
19.12992024421692
19.324249505996704
19.278929710388184
19.337726831436157
19.29364538192749
19.43175482749939
19.42074680328369
19.66743278503418
19.522569179534912
19.678489208221436
19.682657480239868
19.76923394203186
19.749444723129272
19.8863627910614
19.862021446228027
20.189078092575073
19.968603134155273
20.151333332061768
20.04025363922119
20.03116273880005
20.20967721939087
20.21503520011902
20.3344829082489
20.29580593109131
20.184349536895752
20.19018292427063
20.73487687110901
21.238686561584473
20.29556369781494
20.474185943603516
20.611419677734375
20.372833251953125
20.67978835105896
20.58522129058838
20.58327031135559
20.733171701431274
